0: [77.0, 75.0, 76.0, 81.0, 78.0, 80.0, 77.0, 80.0, 78.0, 78.0, 112.0, 114.0, 109.0, 112.0, 110.0, 108.0, 117.0, 106.0, 113.0, 108.0]
0.1: [88.09999999999997, 88.1, 84.99999999999999, 93.29999999999995, 91.89999999999999, 92.19999999999999, 88.6, 92.99999999999999, 91.39999999999998, 89.3, 131.79999999999998, 133.89999999999998, 130.9999999999999, 135.59999999999997, 130.2, 124.99999999999999, 132.89999999999995, 127.39999999999999, 136.89999999999995, 131.19999999999996]
0.2: [97.40000000000003, 97.60000000000001, 95.39999999999999, 93.20000000000002, 95.6, 95.20000000000002, 92.39999999999999, 97.80000000000001, 92.00000000000001, 93.80000000000003, 144.59999999999997, 142.59999999999994, 140.59999999999997, 139.39999999999992, 138.2, 132.8, 137.99999999999997, 130.4, 139.59999999999994, 132.19999999999993]
0.3: [102.80000000000001, 103.29999999999997, 98.30000000000001, 101.99999999999999, 97.19999999999999, 101.69999999999999, 97.0, 103.8, 97.49999999999997, 102.09999999999997, 150.50000000000006, 155.2, 138.50000000000006, 157.60000000000008, 150.20000000000002, 142.60000000000002, 137.20000000000005, 138.40000000000006, 144.00000000000003, 138.80000000000004]
0.4: [105.80000000000001, 104.40000000000005, 103.60000000000002, 104.80000000000003, 97.60000000000002, 107.60000000000001, 102.60000000000001, 110.59999999999998, 101.40000000000002, 109.00000000000001, 149.20000000000005, 157.40000000000006, 141.00000000000003, 153.60000000000005, 153.40000000000003, 145.60000000000002, 141.60000000000005, 141.60000000000005, 148.40000000000003, 140.6]
0.5: [111.5, 112.0, 104.0, 110.5, 102.5, 103.5, 106.5, 113.0, 106.5, 110.5, 156.5, 157.0, 142.0, 165.0, 158.0, 150.0, 145.5, 140.5, 151.0, 134.5]
1: [133.0, 126.0, 121.0, 121.0, 108.0, 114.0, 117.0, 127.0, 115.0, 120.0, 162.0, 177.0, 151.0, 172.0, 171.0, 166.0, 152.0, 150.0, 162.0, 159.0]
1.5: [143.5, 137.5, 130.0, 127.0, 108.0, 119.5, 124.0, 137.0, 118.5, 128.5, 168.5, 190.5, 149.5, 182.0, 187.0, 181.0, 158.5, 155.5, 168.5, 153.5]
2: [159.0, 145.0, 135.0, 130.0, 114.0, 125.0, 131.0, 149.0, 122.0, 134.0, 171.0, 198.0, 152.0, 187.0, 199.0, 184.0, 159.0, 168.0, 173.0, 157.0]
3: [162.0, 152.0, 140.0, 130.0, 114.0, 131.0, 134.0, 158.0, 127.0, 136.0, 177.0, 199.0, 157.0, 192.0, 200.0, 183.0, 173.0, 164.0, 179.0, 161.0]
